<?xml version="1.0" encoding="UTF-8" standalone="no" ?>
<SimscapeMultibodyImportXML version="2.0" xmlns="urn:mathworks:SimscapeMultibody:import" xmlns:xsi="http://www.w3.org/2001/XMLSchema-instance">
<Created by="" on="04/16/22||14:54:18" using="Simscape Multibody Link Version 7.0" from="SolidWorks 27.0.0"/>
<ModelUnits mass="kilogram" length="millimeter"/>
<DataUnits mass="kilogram" length="meter"/>
<RootAssembly name="Aerial_Inspection_Octa_Rotor" uid="Aerial_Inspection_Octa_Rotor" version="1407">
<AssemblyFile name="Aerial_Inspection_Octa_Rotor.SLDASM" type="SolidWorks Assembly"/>
<InstanceTree>
<Instance name="Tmotor_P60_Base-6" uid="Tmotor_P60_Base-6" entityUid="Tmotor_P60_Base*:*Default">
<Transform>
<Rotation>1 0 0 0 0 -1 0 1 0</Rotation>
<Translation>1.0549850284981426 0.40283660098163132 1.4348096785321858</Translation>
</Transform>
</Instance>
<Instance name="Tmotor_P60_Base-5" uid="Tmotor_P60_Base-5" entityUid="Tmotor_P60_Base*:*Default">
<Transform>
<Rotation>1 0 0 0 -1.3045120539345589e-15 1 0 -1 -1.3045120539345589e-15</Rotation>
<Translation>1.0299850284981424 0.44283660098163086 0.79680967853218554</Translation>
</Transform>
</Instance>
<Instance name="Tmotor_P60_Base-7" uid="Tmotor_P60_Base-7" entityUid="Tmotor_P60_Base*:*Default">
<Transform>
<Rotation>-1 0 0 0 0 1 0 1 0</Rotation>
<Translation>1.0549850284981424 0.4428366009816313 1.4348096785321858</Translation>
</Transform>
</Instance>
<Instance name="Tmotor_P60_Skin-7" uid="Tmotor_P60_Skin-7" entityUid="Tmotor_P60_Skin*:*Default">
<Transform>
<Rotation>0.15663171585081001 -0.98765707894472721 0 -2.6042341200113637e-16 0 -1 0.98765707894472721 0.15663171585081001 -2.6367796834847635e-16</Rotation>
<Translation>0.19498502849814259 0.40233660098163104 1.4348096785321856</Translation>
</Transform>
</Instance>
<Instance name="Prop_22_66_CW-5" uid="Prop_22_66_CW-5" entityUid="Prop_22_66_CW*:*Default">
<Transform>
<Rotation>0.57164412790717478 1.0731931086456223e-15 0.8205016703390956 -1.0675155298159596e-15 1 -5.6423300684480462e-16 -0.8205016703390956 -5.5335779019267818e-16 0.57164412790717478</Rotation>
<Translation>1.0302360990816595 0.48048660098163121 0.79698459959565859</Translation>
</Transform>
</Instance>
<Instance name="Prop_22_66_CW-6" uid="Prop_22_66_CW-6" entityUid="Prop_22_66_CW*:*Default">
<Transform>
<Rotation>-0.57164412790717478 8.454581471071575e-16 -0.8205016703390956 1.06751552981596e-15 1 2.8667725068851687e-16 0.8205016703390956 -7.1202090836625597e-16 -0.57164412790717478</Rotation>
<Translation>1.029733957914627 0.48048660098163171 0.79663475746871448</Translation>
</Transform>
</Instance>
<Instance name="Tmotor_P60_Base-8" uid="Tmotor_P60_Base-8" entityUid="Tmotor_P60_Base*:*Default">
<Transform>
<Rotation>1 0 0 0 -2.6367796834847488e-16 -1 0 1 -2.6367796834847488e-16</Rotation>
<Translation>0.19498502849814245 0.40283660098163104 1.4348096785321856</Translation>
</Transform>
</Instance>
<Instance name="Prop_22_66_CW-7" uid="Prop_22_66_CW-7" entityUid="Prop_22_66_CW*:*Default">
<Transform>
<Rotation>-0.71702106110774322 -1.8379712416295118e-16 0.69705150306697283 1.8379712416295051e-16 1 4.5274062500443421e-16 -0.69705150306697283 4.5274062500443421e-16 -0.71702106110774322</Rotation>
<Translation>0.19519832377095184 0.36218660098163102 1.4345902726458692</Translation>
</Transform>
</Instance>
<Instance name="Prop_22_66_CW-8" uid="Prop_22_66_CW-8" entityUid="Prop_22_66_CW*:*Default">
<Transform>
<Rotation>0.71702106110774322 -1.8379712416295118e-16 -0.69705150306697283 -1.8379712416295051e-16 1 -4.5274062500443421e-16 0.69705150306697283 4.5274062500443421e-16 0.71702106110774322</Rotation>
<Translation>0.19477173322533331 0.36218660098163091 1.4350290844185027</Translation>
</Transform>
</Instance>
<Instance name="Device Box-1" uid="Device Box-1" entityUid="Device Box*:*Default">
<Transform>
<Rotation>-1.2246467991473535e-16 -1 0 0 0 1 -1 1.2246467991473535e-16 0</Rotation>
<Translation>0.70248502849814254 0.23983660098163101 1.2398096785321855</Translation>
</Transform>
</Instance>
<Instance name="Frame_Arm_f-7" uid="Frame_Arm_f-7" entityUid="Frame_Arm_f*:*Default">
<Transform>
<Rotation>-1.0000000000000002 0 0 0 -1.0000000000000002 0 0 0 1</Rotation>
<Translation>0.53998502849814245 0.42283660098163112 1.4198096785321856</Translation>
</Transform>
</Instance>
<Instance name="Front_lastic-2" uid="Front_lastic-2" entityUid="Front_lastic*:*Default">
<Transform>
<Rotation>0.95962297190063606 0.28128944487945357 0 -0.28128944487945357 0.95962297190063606 0 0 0 1</Rotation>
<Translation>0.42498502849814312 -0.03516339901836904 0.79980967853218565</Translation>
</Transform>
</Instance>
<Instance name="Frame_Arm_f-8" uid="Frame_Arm_f-8" entityUid="Frame_Arm_f*:*Default">
<Transform>
<Rotation>1 0 0 0 -0.99999999999999989 0 0 0 -0.99999999999999989</Rotation>
<Translation>0.70998502849814249 0.42283660098163112 1.4498096785321861</Translation>
</Transform>
</Instance>
<Instance name="Body_Cover-1" uid="Body_Cover-1" entityUid="Body_Cover*:*Default">
<Transform>
<Rotation>1 0 0 0 1 0 0 0 1</Rotation>
<Translation>0.62498502849814253 0.419836600981631 1.0685113519236742</Translation>
</Transform>
</Instance>
<Instance name="Device-1" uid="Device-1" entityUid="Device*:*Default">
<Transform>
<Rotation>1 0 0 0 1 0 0 0 1</Rotation>
<Translation>0.55748502849814263 0.073045454347630934 1.0216879820599856</Translation>
</Transform>
</Instance>
<Instance name="Tattu 22_2v 30000mAh-2" uid="Tattu 22_2v 30000mAh-2" entityUid="Tattu 22_2v 30000mAh*:*Default">
<Transform>
<Rotation>-1.6653345369377348e-16 -1.0177067096910172e-16 1 0 1 1.0177067096910171e-16 -1 0 -1.6653345369377348e-16</Rotation>
<Translation>0.75598502849814275 0.419836600981631 1.4178096785321856</Translation>
</Transform>
</Instance>
<Instance name="Frame_Arm2-2" uid="Frame_Arm2-2" entityUid="Frame_Arm2*:*Default">
<Transform>
<Rotation>0 -1 0 -1.6653345369377348e-16 0 -1.0000000000000002 1.0000000000000002 0 -1.6653345369377348e-16</Rotation>
<Translation>0.3199850284981427 0.42283660098163051 0.79680967853218554</Translation>
</Transform>
</Instance>
<Instance name="Frame_Arm2-1" uid="Frame_Arm2-1" entityUid="Frame_Arm2*:*Default">
<Transform>
<Rotation>0 1 0 1.3045120539345593e-15 0 1 1 0 -1.3045120539345589e-15</Rotation>
<Translation>0.92998502849814257 0.42283660098163078 0.79680967853218565</Translation>
</Transform>
</Instance>
<Instance name="Tmotor_P60_Skin-5" uid="Tmotor_P60_Skin-5" entityUid="Tmotor_P60_Skin*:*Default">
<Transform>
<Rotation>-0.79645600397144267 -0.60469648067261084 0 0 0 0.99999999999999989 -0.60469648067261084 0.79645600397144267 0</Rotation>
<Translation>1.0549850284981428 0.44333660098163097 1.4348096785321864</Translation>
</Transform>
</Instance>
<Instance name="Tmotor_P60_Skin-6" uid="Tmotor_P60_Skin-6" entityUid="Tmotor_P60_Skin*:*Default">
<Transform>
<Rotation>0.82833225080702622 -0.56023716609393737 0 0 0 -0.99999999999999956 0.56023716609393737 0.82833225080702622 0</Rotation>
<Translation>1.054985028498143 0.4023366009816316 1.4348096785321856</Translation>
</Transform>
</Instance>
<Instance name="Frame-1" uid="Frame-1" grounded="true" entityUid="Frame*:*Default">
<Transform>
<Rotation>1 0 0 0 1 0 0 0 1</Rotation>
<Translation>0.62498502849814264 0.414836600981631 1.1298096785321856</Translation>
</Transform>
</Instance>
<Instance name="Frame_Arm1-1" uid="Frame_Arm1-1" entityUid="Frame_Arm1*:*Default">
<Transform>
<Rotation>0 -1 0 0.74105235854504115 1.2490009027032994e-16 0.6714472443124867 -0.6714472443124867 0 0.74105235854504115</Rotation>
<Translation>0.95998502849814271 0.42283660098163089 0.79680967853218565</Translation>
</Transform>
</Instance>
<Instance name="Tattu 22_2v 30000mAh-1" uid="Tattu 22_2v 30000mAh-1" entityUid="Tattu 22_2v 30000mAh*:*Default">
<Transform>
<Rotation>-1.2246467991473532e-16 0 1 0 1 0 -1 -2.7755575615628918e-16 -1.2246467991473532e-16</Rotation>
<Translation>0.62498502849814286 0.41983660098163095 1.4178096785321856</Translation>
</Transform>
</Instance>
<Instance name="Frame_Arm1-3" uid="Frame_Arm1-3" entityUid="Frame_Arm1*:*Default">
<Transform>
<Rotation>0 -1 -1.113663726932098e-16 -0.45273788979564816 1.2490009027033011e-16 -0.89164365255598821 0.89164365255598821 0 -0.45273788979564816</Rotation>
<Translation>0.49998502849814264 0.42283660098163095 0.79680967853218543</Translation>
</Transform>
</Instance>
<Instance name="Frame_Arm2-4" uid="Frame_Arm2-4" entityUid="Frame_Arm2*:*Default">
<Transform>
<Rotation>-1.1102230246251565e-16 -1 0 2.6367796834847478e-16 0 0.99999999999999967 -1 1.1102230246251565e-16 2.6367796834847478e-16</Rotation>
<Translation>0.29498502849814245 0.42283660098163106 1.4348096785321856</Translation>
</Transform>
</Instance>
<Instance name="Frame_Arm1_b-1" uid="Frame_Arm1_b-1" entityUid="Frame_Arm1_b*:*Default">
<Transform>
<Rotation>0 -1 0 -0.94136237619885699 0 -0.3373972090537235 0.3373972090537235 0 -0.94136237619885699</Rotation>
<Translation>0.9849850284981424 0.42283660098163084 1.4348096785321853</Translation>
</Transform>
</Instance>
<Instance name="ALPHA 12S ESC-1" uid="ALPHA 12S ESC-1" entityUid="ALPHA 12S ESC*:*Default">
<Transform>
<Rotation>-1 0 0 0 -1.6653345369377343e-16 1 0 1 1.6653345369377343e-16</Rotation>
<Translation>0.22433502849814271 0.42308660098163053 0.83180967853218546</Translation>
</Transform>
</Instance>
<Instance name="ALPHA 12S ESC-6" uid="ALPHA 12S ESC-6" entityUid="ALPHA 12S ESC*:*Default">
<Transform>
<Rotation>-1 3.3306690738754696e-16 0 0 3.3306690738754706e-16 -1 -1.6653345369377348e-16 -1.0000000000000002 -3.3306690738754711e-16</Rotation>
<Translation>0.19933502849814261 0.42308660098163098 1.399809678532185</Translation>
</Transform>
</Instance>
<Instance name="Rear_lastic-2" uid="Rear_lastic-2" entityUid="Rear_lastic*:*Default">
<Transform>
<Rotation>1 0 0 0 1 0 0 0 1</Rotation>
<Translation>0.42498502849814224 -0.035163399018368915 1.3998096785321854</Translation>
</Transform>
</Instance>
<Instance name="ALPHA 12S ESC-2" uid="ALPHA 12S ESC-2" entityUid="ALPHA 12S ESC*:*Default">
<Transform>
<Rotation>1 0 2.2204460492503131e-16 -2.7755575615628909e-16 -1.0942752080175785e-15 1.0000000000000002 0 -1 -1.3163198129426098e-15</Rotation>
<Translation>1.0256350284981426 0.42308660098163076 0.76180967853218562</Translation>
</Transform>
</Instance>
<Instance name="Front_lastic-1" uid="Front_lastic-1" entityUid="Front_lastic*:*Default">
<Transform>
<Rotation>1 0 0 0 1 0 0 0 1</Rotation>
<Translation>0.82498502849814292 -0.03516339901836911 0.7998096785321861</Translation>
</Transform>
</Instance>
<Instance name="nero_100_CD_UltraSonic-1" uid="nero_100_CD_UltraSonic-1" entityUid="nero_100_CD_UltraSonic*:*Default">
<Transform>
<Rotation>0 -0.42235039230287885 0.90643264841994997 0 0.90643264841994997 0.42235039230287874 -1 0 0</Rotation>
<Translation>0.62498502849814264 0.47114275839590036 0.50340967853218577</Translation>
</Transform>
</Instance>
<Instance name="ALPHA 12S ESC-7" uid="ALPHA 12S ESC-7" entityUid="ALPHA 12S ESC*:*Default">
<Transform>
<Rotation>0.99999999999999989 0 -2.8828672751308887e-16 -3.5262387728755896e-16 1.3268894189533692e-16 -1 0 0.99999999999999989 -1.9485804312511136e-16</Rotation>
<Translation>1.0506350284981432 0.42308660098163053 1.4698096785321861</Translation>
</Transform>
</Instance>
<Instance name="ALPHA 12S ESC-8" uid="ALPHA 12S ESC-8" entityUid="ALPHA 12S ESC*:*Default">
<Transform>
<Rotation>-1 1.1102230246251565e-16 0 0 -2.6367796834847483e-16 1 1.1102230246251565e-16 1 2.6367796834847463e-16</Rotation>
<Translation>0.19933502849814244 0.42308660098163098 1.4698096785321857</Translation>
</Transform>
</Instance>
<Instance name="Frame_Arm_f-6" uid="Frame_Arm_f-6" entityUid="Frame_Arm_f*:*Default">
<Transform>
<Rotation>-1 0 0 0 -1 0 0 0 1</Rotation>
<Translation>0.53998502849814267 0.42283660098163101 0.78180967853218553</Translation>
</Transform>
</Instance>
<Instance name="ALPHA 12S ESC-5" uid="ALPHA 12S ESC-5" entityUid="ALPHA 12S ESC*:*Default">
<Transform>
<Rotation>1.0000000000000002 0 0 0 0 1 0 -1 0</Rotation>
<Translation>1.0506350284981423 0.42308660098163092 1.3998096785321859</Translation>
</Transform>
</Instance>
<Instance name="Frame_Arm_f-5" uid="Frame_Arm_f-5" entityUid="Frame_Arm_f*:*Default">
<Transform>
<Rotation>1 0 0 0 1 0 0 0 1</Rotation>
<Translation>0.7099850284981426 0.42283660098163106 0.78180967853218564</Translation>
</Transform>
</Instance>
<Instance name="ALPHA 12S ESC-3" uid="ALPHA 12S ESC-3" entityUid="ALPHA 12S ESC*:*Default">
<Transform>
<Rotation>1 0 0 0 8.8817841970012563e-16 -1 0 1 1.554312234475219e-15</Rotation>
<Translation>1.0256350284981426 0.42308660098163087 0.83180967853218557</Translation>
</Transform>
</Instance>
<Instance name="ALPHA 12S ESC-4" uid="ALPHA 12S ESC-4" entityUid="ALPHA 12S ESC*:*Default">
<Transform>
<Rotation>-1 0 0 0 1.6653345369377348e-16 -1 0 -1 -1.6653345369377348e-16</Rotation>
<Translation>0.22433502849814271 0.42308660098163048 0.76180967853218573</Translation>
</Transform>
</Instance>
<Instance name="Frame_Arm1_b-2" uid="Frame_Arm1_b-2" entityUid="Frame_Arm1_b*:*Default">
<Transform>
<Rotation>1.6653345369377348e-16 1 0 0.061938029362476936 0 0.99807999705368944 0.99807999705368933 -1.6653345369377348e-16 -0.061938029362476929</Rotation>
<Translation>0.26498502849814243 0.42283660098163106 1.434809678532186</Translation>
</Transform>
</Instance>
<Instance name="Landing Gear-5" uid="Landing Gear-5" entityUid="Landing Gear*:*Default">
<Transform>
<Rotation>1.6375789613221059e-15 1.5759331823405672e-16 -0.99999999999999989 1.7701585600927399e-16 1 1.5759331823405699e-16 0.99999999999999989 -1.7701585600927419e-16 1.6375789613221059e-15</Rotation>
<Translation>0.62498502849814608 -0.035163399018369006 1.1998096785321841</Translation>
</Transform>
</Instance>
<Instance name="Rear_lastic-1" uid="Rear_lastic-1" entityUid="Rear_lastic*:*Default">
<Transform>
<Rotation>0.9307590321056638 -0.36563318251182819 1.593841362899603e-15 0.36563318251182814 0.9307590321056638 1.9371871482293983e-16 -1.5543122344752196e-15 4.02455846426619e-16 0.99999999999999989</Rotation>
<Translation>0.82498502849814637 -0.03516339901836886 1.3998096785321836</Translation>
</Transform>
</Instance>
<Instance name="Frame_Arm2-3" uid="Frame_Arm2-3" entityUid="Frame_Arm2*:*Default">
<Transform>
<Rotation>0 1 0 0 0 0.99999999999999967 1 0 0</Rotation>
<Translation>0.9549850284981426 0.42283660098163134 1.4348096785321858</Translation>
</Transform>
</Instance>
<Instance name="Prop_22_66_CCW-1" uid="Prop_22_66_CCW-1" entityUid="Prop_22_66_CCW*:*Default">
<Transform>
<Rotation>-0.99833397771814503 0 0.057699817447426777 0 1 3.3174723689934708e-16 -0.057699817447426777 3.3306690738754706e-16 -0.99833397771814503</Rotation>
<Translation>0.22000268443640511 0.36218660098163058 0.79650419189712962</Translation>
</Transform>
</Instance>
<Instance name="Prop_22_66_CW-3" uid="Prop_22_66_CW-3" entityUid="Prop_22_66_CW*:*Default">
<Transform>
<Rotation>-0.0014548299536881193 -1.084496738216366e-16 0.99999894173434301 7.8268875304806193e-16 1 1.0958846883769865e-16 -0.99999894173434301 7.8284735734247826e-16 -0.0014548299536881193</Rotation>
<Translation>0.19529102460624675 0.4804866009816311 1.4348092333594114</Translation>
</Transform>
</Instance>
<Instance name="Prop_22_66_CCW-2" uid="Prop_22_66_CCW-2" entityUid="Prop_22_66_CCW*:*Default">
<Transform>
<Rotation>0.99833397771814514 0 -0.057699817447427353 0 1 -3.3174723689934698e-16 0.057699817447427353 3.3306690738754706e-16 0.99833397771814514</Rotation>
<Translation>0.21996737255988133 0.36218660098163058 0.79711516516724223</Translation>
</Transform>
</Instance>
<Instance name="Tmotor_P60_Skin-2" uid="Tmotor_P60_Skin-2" entityUid="Tmotor_P60_Skin*:*Default">
<Transform>
<Rotation>-0.30962437104374779 0.95085895318694025 0 -1.0531208873616307e-16 0 1 0.95085895318694025 0.30962437104374779 1.1101932784634811e-16</Rotation>
<Translation>0.21998502849814261 0.44333660098163097 0.79680967853218521</Translation>
</Transform>
</Instance>
<Instance name="wrist_head_cap-1" uid="wrist_head_cap-1" entityUid="wrist_head_cap*:*Default">
<Transform>
<Rotation>0.86134072692342101 -0.50611874717170946 -0.043999612547977469 -0.50697654737021303 -0.85076010031292804 -0.13849921347110503 0.03266393362121553 0.14160178486472433 -0.98938465824143096</Rotation>
<Translation>0.63759806123470886 0.013377658228933106 0.21668175649843002</Translation>
</Transform>
</Instance>
<Instance name="Tmotor_P60_Base-2" uid="Tmotor_P60_Base-2" entityUid="Tmotor_P60_Base*:*Default">
<Transform>
<Rotation>-0.0073201914736514256 -0.99997320703946313 0 1.1102230246251563e-16 0 1 -0.99997320703946313 0.0073201914736514256 1.1101932784634704e-16</Rotation>
<Translation>0.21998502849814261 0.44283660098163036 0.79680967853218543</Translation>
</Transform>
</Instance>
<Instance name="Prop_22_66_CW-4" uid="Prop_22_66_CW-4" entityUid="Prop_22_66_CW*:*Default">
<Transform>
<Rotation>0.0014548299536882858 -3.8600513625020158e-16 -0.99999894173434323 -7.8268875304806203e-16 1 -3.8714422499398843e-16 0.99999894173434323 7.8325115377035305e-16 0.0014548299536882858</Rotation>
<Translation>0.19467903239003803 0.4804866009816311 1.4348101237049609</Translation>
</Transform>
</Instance>
<Instance name="Probe-1" uid="Probe-1" entityUid="Probe*:*Default">
<Transform>
<Rotation>0.086819217897808942 0.86134072692350372 -0.50055426833311789 0.083544211794896447 -0.50697654737007369 -0.85790159406093247 -0.99271485738815368 0.032663933621192291 -0.11597533945286854</Rotation>
<Translation>0.67248090974656349 0.062898257768871091 0.065437403224754262</Translation>
</Transform>
</Instance>
<Instance name="Tmotor_P60_Base-3" uid="Tmotor_P60_Base-3" entityUid="Tmotor_P60_Base*:*Default">
<Transform>
<Rotation>-0.84635651049059124 0.53261680141560463 0 -8.2157392858882609e-16 -1.2379893469403276e-15 -1 -0.53261680141560463 -0.84635651049059135 1.7074090265974057e-15</Rotation>
<Translation>1.0299850284981429 0.40283660098163099 0.79680967853218565</Translation>
</Transform>
</Instance>
<Instance name="Prop_22_66_CW-2" uid="Prop_22_66_CW-2" entityUid="Prop_22_66_CW*:*Default">
<Transform>
<Rotation>0.89675076222326544 0 -0.44253595385233091 6.8958374984078763e-16 1 1.5152020989076786e-15 0.44253595385233091 -1.6639242396146127e-15 0.89675076222326544</Rotation>
<Translation>1.0298496140752633 0.36218660098163102 0.79708408106575646</Translation>
</Transform>
</Instance>
<Instance name="Tmotor_P60_Base-1" uid="Tmotor_P60_Base-1" entityUid="Tmotor_P60_Base*:*Default">
<Transform>
<Rotation>-1 0 0 0 3.3306690738754686e-16 -1 0 -1 -3.3306690738754686e-16</Rotation>
<Translation>0.21998502849814269 0.40283660098163054 0.79680967853218565</Translation>
</Transform>
</Instance>
<Instance name="Tmotor_P60_Skin-1" uid="Tmotor_P60_Skin-1" entityUid="Tmotor_P60_Skin*:*Default">
<Transform>
<Rotation>0.76639029581575557 0.64237521315772983 0 2.0379592009593379e-16 -2.637735118502134e-16 -1 -0.64237521315772983 0.76639029581575557 -3.3306690738754686e-16</Rotation>
<Translation>0.21998502849814267 0.4023366009816306 0.79680967853218565</Translation>
</Transform>
</Instance>
<Instance name="Tmotor_P60_Skin-3" uid="Tmotor_P60_Skin-3" entityUid="Tmotor_P60_Skin*:*Default">
<Transform>
<Rotation>-0.66839662729937266 -0.74380504745183307 0 1.0807789817956432e-15 -1.0195676219767813e-15 -1 0.74380504745183307 -0.66839662729937255 1.4853644216723746e-15</Rotation>
<Translation>1.0299850284981429 0.40233660098163099 0.79680967853218565</Translation>
</Transform>
</Instance>
<Instance name="Prop_22_66_CCW-4" uid="Prop_22_66_CCW-4" entityUid="Prop_22_66_CCW*:*Default">
<Transform>
<Rotation>0.83444876680340463 -1.0758716041674825e-15 0.55108552474210137 -3.0617244573487734e-16 1 2.4158805923330778e-15 -0.55108552474210137 -2.1846557839359933e-15 0.83444876680340463</Rotation>
<Translation>0.22015365870238482 0.48048660098168855 0.79706501687742426</Translation>
</Transform>
</Instance>
<Instance name="Prop_22_66_CW-1" uid="Prop_22_66_CW-1" entityUid="Prop_22_66_CW*:*Default">
<Transform>
<Rotation>-0.89675076222326522 0 0.44253595385233141 -6.8958374984078822e-16 1 -1.5152020989076782e-15 -0.44253595385233141 -1.6639242396146125e-15 -0.89675076222326522</Rotation>
<Translation>1.0301204429210222 0.36218660098163102 0.79653527599861496</Translation>
</Transform>
</Instance>
<Instance name="Prop_22_66_CCW-3" uid="Prop_22_66_CCW-3" entityUid="Prop_22_66_CCW*:*Default">
<Transform>
<Rotation>-0.83444876680340496 0 -0.55108552474210126 4.449503238130432e-16 1 -5.6201787068417009e-16 0.55108552474210126 -7.1418080179656026e-16 -0.83444876680340496</Rotation>
<Translation>0.21981639829388344 0.48048660098163093 0.79655434018691595</Translation>
</Transform>
</Instance>
<Instance name="Tmotor_P60_Skin-4" uid="Tmotor_P60_Skin-4" entityUid="Tmotor_P60_Skin*:*Default">
<Transform>
<Rotation>0.96240313236560127 -0.27162512919993131 -3.8600513625020108e-16 5.842432480752715e-16 6.4895466881176108e-16 1 -0.27162512919993131 -0.96240313236560127 7.8325115377035305e-16</Rotation>
<Translation>0.19498502849814242 0.44333660098163108 1.434809678532186</Translation>
</Transform>
</Instance>
<Instance name="Tmotor_P60_Base-4" uid="Tmotor_P60_Base-4" entityUid="Tmotor_P60_Base*:*Default">
<Transform>
<Rotation>0.92050485345244559 0.3907311284892615 -1.084496738216371e-16 -2.0605438026111081e-16 4.8543369922650296e-16 1 0.3907311284892615 -0.92050485345244559 7.8284735734247747e-16</Rotation>
<Translation>0.19498502849814248 0.44283660098163113 1.434809678532186</Translation>
</Transform>
</Instance>
<Instance name="wrist_head-1" uid="wrist_head-1" entityUid="wrist_head*:*Default">
<Transform>
<Rotation>0.86134072692350383 -0.043999612547977608 0.50611874717156857 -0.50697654737007369 -0.13849921347110511 0.8507601003130113 0.032663933621192298 -0.98938465824143096 -0.14160178486472988</Rotation>
<Translation>0.63999604011857036 0.020925865363105856 0.27060322037258866</Translation>
</Transform>
</Instance>
<Instance name="wrist_Cross_Servo_Gear_screw-4" uid="wrist_Cross_Servo_Gear_screw-4" entityUid="wrist_Cross_Servo_Gear_screw*:*Default">
<Transform>
<Rotation>0.03860090491239121 -0.086833396569356139 -0.99547472664059811 -0.99600933858500618 -0.08356851269251267 -0.031332110331409833 -0.080469668766578267 0.99271157187099934 -0.089712694096247617</Rotation>
<Translation>0.6362405896538339 0.015179137105401893 0.28043871618828742</Translation>
</Transform>
</Instance>
<Instance name="low_torque_servo_screw-1" uid="low_torque_servo_screw-1" entityUid="low_torque_servo_screw*:*Default">
<Transform>
<Rotation>-0.97224671018564035 0.086833396569357527 0.21724708461433545 -0.2101934163515935 0.083568512692510866 -0.97408163487913446 -0.10273783264039206 -0.99271157187099934 -0.062997403262074619</Rotation>
<Translation>0.64652478204173314 0.034960938724955086 0.31523849899995382</Translation>
</Transform>
</Instance>
<Instance name="wrist_head_cap_screw-3" uid="wrist_head_cap_screw-3" entityUid="wrist_head_cap_screw*:*Default">
<Transform>
<Rotation>0.8922580973066051 -0.043999612547977469 0.44937681502990862 -0.45091682825138363 -0.13849921347110528 0.88175505774993856 0.023441454530575917 -0.98938465824143096 -0.1434172104246135</Rotation>
<Translation>0.62619310162552944 0.032810046006814857 0.22204917688097986</Translation>
</Transform>
</Instance>
<Instance name="wrist_head_cap_screw-4" uid="wrist_head_cap_screw-4" entityUid="wrist_head_cap_screw*:*Default">
<Transform>
<Rotation>0.45790733401933403 -0.043999612547978371 0.88791041639736012 -0.88298481925492334 -0.13849921347110414 0.44850393179239323 0.10324089507872476 -0.98938465824143096 -0.10227079553729126</Rotation>
<Translation>0.61608172658523175 0.015829468803924038 0.22512855874283452</Translation>
</Transform>
</Instance>
<Instance name="low_torque_servo-1" uid="low_torque_servo-1" entityUid="low_torque_servo*:*Default">
<Transform>
<Rotation>-0.98593789645014829 0.14278104070108666 0.086833396569356486 0.15002608949485721 0.98514388601728764 0.083568512692512156 -0.073611390520337189 0.095420638538379662 -0.99271157187099934</Rotation>
<Translation>0.63489967948370851 0.0083252784335469572 0.33514826020786687</Translation>
</Transform>
</Instance>
<Instance name="low_torque_servo-2" uid="low_torque_servo-2" entityUid="low_torque_servo*:*Default">
<Transform>
<Rotation>-0.15265672627631591 0.067988147982238664 0.98593789645014807 -0.98777762345453202 -0.042279298402383279 -0.15002608949485788 0.031484766556460896 -0.99678988390761047 0.073611390520338049</Rotation>
<Translation>0.57203978518612097 0.030865759073208626 0.32642083534992489</Translation>
</Transform>
</Instance>
<Instance name="low_torque_servo_screw-6" uid="low_torque_servo_screw-6" entityUid="low_torque_servo_screw*:*Default">
<Transform>
<Rotation>0.14388722856604375 0.98593789645014829 -0.084987821474842254 0.53809927295631454 -0.15002608949485696 -0.82942229588718364 -0.83050926418642002 0.073611390520338313 -0.55211930348991922</Rotation>
<Translation>0.59386460531459395 0.034441086514016089 0.35384152571415178</Translation>
</Transform>
</Instance>
<Instance name="wrist_head_cap_nut-2" uid="wrist_head_cap_nut-2" entityUid="wrist_head_cap_nut*:*Default">
<Transform>
<Rotation>-0.76997043949035326 -0.63656072483829851 -0.043999612547977345 -0.62632382487042437 0.76716128308691856 -0.13849921347110503 0.12191795893433444 -0.079082294641549103 -0.98938465824143096</Rotation>
<Translation>0.62601710317533754 0.032256049152930413 0.21809163824801409</Translation>
</Transform>
</Instance>
<Instance name="low_torque_servo_nut-2" uid="low_torque_servo_nut-2" entityUid="low_torque_servo_nut*:*Default">
<Transform>
<Rotation>-0.9105142196649898 -0.40425711747362364 -0.086833396569357318 0.41101698336827913 -0.90778926137578941 -0.08356851269251131 -0.045043258881815325 -0.11178031983634447 0.99271157187099945</Rotation>
<Translation>0.62778991354729075 -0.013964819197850517 0.30343701967848802</Translation>
</Transform>
</Instance>
<Instance name="wrist_head_cap_nut-6" uid="wrist_head_cap_nut-6" entityUid="wrist_head_cap_nut*:*Default">
<Transform>
<Rotation>0.99458440951414206 0.057112289322301599 0.086833396569356056 0.0498546974914836 -0.99525414484160479 0.083568512692512378 0.091194086921455586 -0.078786887132134234 -0.99271157187099945</Rotation>
<Translation>0.64933791683210984 0.018186377504464602 0.2878884938225531</Translation>
</Transform>
</Instance>
<Instance name="wrist_head_cap_nut-3" uid="wrist_head_cap_nut-3" entityUid="wrist_head_cap_nut*:*Default">
<Transform>
<Rotation>-0.79731343547430733 -0.60195956650574589 -0.043999612547977331 -0.59185661651463328 0.79405523318956572 -0.1384992134711053 0.11830904910448801 -0.084385821892535795 -0.98938465824143096</Rotation>
<Translation>0.40901740719702812 -0.54523432824605611 0.30858209093210959</Translation>
</Transform>
</Instance>
<Instance name="wrist_2nd_joint-1" uid="wrist_2nd_joint-1" entityUid="wrist_2nd_joint*:*Default">
<Transform>
<Rotation>0.98593789645014807 0.14278104070108744 -0.086833396569357249 -0.15002608949485796 0.98514388601728764 -0.083568512692511421 0.07361139052033798 0.095420638538379121 0.99271157187099934</Rotation>
<Translation>0.61321120716217137 0.024249602118884293 0.31847422099941408</Translation>
</Transform>
<VisualProperties>
<Ambient r="1" g="1" b="1" a="1"/>
<Diffuse r="0.69999999999999996" g="0.69999999999999996" b="0.69999999999999996" a="1"/>
<Specular r="0.050000000000000003" g="0.050000000000000003" b="0.050000000000000003" a="1"/>
<Emissive r="0" g="0" b="0" a="1"/>
<Shininess>0.3125</Shininess>
</VisualProperties>
</Instance>
<Instance name="wrist_Cross_Servo_Gear_screw-1" uid="wrist_Cross_Servo_Gear_screw-1" entityUid="wrist_Cross_Servo_Gear_screw*:*Default">
<Transform>
<Rotation>0.038600904912545475 -0.086833396569356194 -0.995474726640592 -0.9960093385850014 -0.083568512692512462 -0.031332110331564182 -0.080469668766564167 0.99271157187099957 -0.089712694096260148</Rotation>
<Translation>0.64625162583163653 0.032337121650248601 0.28275878536948074</Translation>
</Transform>
</Instance>
<Instance name="wrist_head_cap_screw-1" uid="wrist_head_cap_screw-1" entityUid="wrist_head_cap_screw*:*Default">
<Transform>
<Rotation>0.50908707833232669 -0.043999612547977351 0.85958965836652734 -0.85522283433746626 -0.13849921347110544 0.49941152519307763 0.097078577981170422 -0.98938465824143085 -0.10813763329036184</Rotation>
<Translation>0.65979858985930373 0.013079510423418919 0.22361988568967978</Translation>
</Transform>
</Instance>
<Instance name="wrist_head_cap_nut-1" uid="wrist_head_cap_nut-1" entityUid="wrist_head_cap_nut*:*Default">
<Transform>
<Rotation>-0.81638486694938794 -0.57582964764907529 -0.043999612547977338 -0.56583748390316102 0.81280127317692208 -0.13849921347110508 0.11551489439102773 -0.08817203190534155 -0.98938465824143118</Rotation>
<Translation>0.65960939152534714 0.012483963805493161 0.21936553165924166</Translation>
</Transform>
</Instance>
<Instance name="low_torque_servo_nut-1" uid="low_torque_servo_nut-1" entityUid="low_torque_servo_nut*:*Default">
<Transform>
<Rotation>-0.99320225892461467 0.077519249914272975 -0.086833396569357596 -0.070276937527283145 -0.99402085276826457 -0.083568512692511088 -0.092792375327012594 -0.076898050395185796 0.99271157187099945</Rotation>
<Translation>0.64704578242114941 0.035462349801110168 0.30928222956872775</Translation>
</Transform>
</Instance>
<Instance name="low_torque_servo_nut-3" uid="low_torque_servo_nut-3" entityUid="low_torque_servo_nut*:*Default">
<Transform>
<Rotation>-0.21652260225916037 0.97240831133385031 -0.086833396569356805 -0.97107169703020391 -0.22368742234028566 -0.083568512692511726 -0.10068625495965797 0.066226981930391685 0.99271157187099945</Rotation>
<Translation>0.63521452766374731 0.037262662875048459 0.30839889288248362</Translation>
</Transform>
</Instance>
<Instance name="wrist_head_cap_nut-5" uid="wrist_head_cap_nut-5" entityUid="wrist_head_cap_nut*:*Default">
<Transform>
<Rotation>0.99458440951414206 0.057112289322301599 0.086833396569356056 0.0498546974914836 -0.99525414484160479 0.083568512692512378 0.091194086921455586 -0.078786887132134234 -0.99271157187099945</Rotation>
<Translation>0.64573002765177678 0.03183513525058955 0.28872188907693769</Translation>
</Transform>
</Instance>
<Instance name="wrist_head_cap_screw-2" uid="wrist_head_cap_screw-2" entityUid="wrist_head_cap_screw*:*Default">
<Transform>
<Rotation>0.18725999972174295 -0.043999612547977372 0.98132447569590409 -0.97393402999455858 -0.13849921347110536 0.17963984270323702 0.12800858456670547 -0.98938465824143085 -0.068788082643111523</Rotation>
<Translation>0.64967621491587224 -0.0039356915828413297 0.22645192138697434</Translation>
</Transform>
</Instance>
<Instance name="low_torque_servo_screw-3" uid="low_torque_servo_screw-3" entityUid="low_torque_servo_screw*:*Default">
<Transform>
<Rotation>-0.095981627020280694 0.086833396569356514 -0.99158836646804616 0.9925415419272039 0.083568512692511698 -0.088755795501647874 0.075158597800308577 -0.99271157187099945 -0.094206795137617733</Rotation>
<Translation>0.62726891316787459 -0.0144662302740056 0.30939328910971403</Translation>
</Transform>
</Instance>
<Instance name="wrist_head_cap_nut-4" uid="wrist_head_cap_nut-4" entityUid="wrist_head_cap_nut*:*Default">
<Transform>
<Rotation>0.99458440951414262 0.057112289322291537 0.086833396569356569 0.04985469749147349 -0.99525414484160535 0.083568512692512475 0.091194086921455322 -0.078786887132135219 -0.99271157187099934</Rotation>
<Translation>0.63211110229364065 0.028325908451867832 0.28723521515012973</Translation>
</Transform>
</Instance>
<Instance name="wrist_Cross_Servo_Gear-1" uid="wrist_Cross_Servo_Gear-1" entityUid="wrist_Cross_Servo_Gear*:*Default">
<Transform>
<Rotation>0.86134072692345331 -0.086833396569356222 -0.5005518088901546 -0.50697654737015996 -0.083568512692512253 -0.8578992272423337 0.032663933621180953 0.99271157187099934 -0.11600345905963645</Rotation>
<Translation>0.64046460717361109 0.023006012763592713 0.29053315492572324</Translation>
</Transform>
</Instance>
<Instance name="wrist_Cross_Servo_Gear_screw-2" uid="wrist_Cross_Servo_Gear_screw-2" entityUid="wrist_Cross_Servo_Gear_screw*:*Default">
<Transform>
<Rotation>0.038600904912545475 -0.086833396569356194 -0.995474726640592 -0.9960093385850014 -0.083568512692512462 -0.031332110331564182 -0.080469668766564167 0.99271157187099957 -0.089712694096260148</Rotation>
<Translation>0.64985951501196926 0.018688363904123682 0.28192539011509576</Translation>
</Transform>
</Instance>
<Instance name="wrist_Cross_Servo_Gear_screw-3" uid="wrist_Cross_Servo_Gear_screw-3" entityUid="wrist_Cross_Servo_Gear_screw*:*Default">
<Transform>
<Rotation>0.038600904914858479 -0.086833396569356874 -0.99547472664050229 -0.99600933858492868 -0.083568512692511865 -0.031332110333878442 -0.080469668766355085 0.99271157187099934 -0.089712694096447748</Rotation>
<Translation>0.63263270047350073 0.028827894851526873 0.28127211144267261</Translation>
</Transform>
</Instance>
<Instance name="wrist_head_cap_nut-7" uid="wrist_head_cap_nut-7" entityUid="wrist_head_cap_nut*:*Default">
<Transform>
<Rotation>0.99458440951417293 0.057112289321763383 0.086833396569356278 0.049854697490944996 -0.99525414484163177 0.083568512692512545 0.091194086921413203 -0.078786887132183736 -0.99271157187099934</Rotation>
<Translation>0.63571899147397448 0.014677150705742851 0.28640181989574498</Translation>
</Transform>
</Instance>
<Instance name="low_torque_servo_screw-4" uid="low_torque_servo_screw-4" entityUid="low_torque_servo_screw*:*Default">
<Transform>
<Rotation>-0.095981627020285579 0.086833396569357207 -0.99158836646804582 0.99254154192720345 0.083568512692511074 -0.088755795501652732 0.075158597800307439 -0.99271157187099957 -0.094206795137618732</Rotation>
<Translation>0.63910016792527646 -0.016266543347943887 0.31027662579595799</Translation>
</Transform>
</Instance>
<Instance name="low_torque_servo_nut-4" uid="low_torque_servo_nut-4" entityUid="low_torque_servo_nut*:*Default">
<Transform>
<Rotation>-0.99320225892461445 0.077519249914274932 -0.086833396569357568 -0.070276937527285116 -0.99402085276826446 -0.083568512692510852 -0.092792375327012705 -0.07689805039518538 0.99271157187099934</Rotation>
<Translation>0.63962116830469262 -0.015765132271788804 0.30432035636473193</Translation>
</Transform>
</Instance>
<Instance name="wrist_1st_joint-1" uid="wrist_1st_joint-1" entityUid="wrist_1st_joint*:*Default">
<Transform>
<Rotation>0.9859378964501484 0.15265672627631519 -0.067988147982237832 -0.15002608949485718 0.98777762345453202 0.042279298402383328 0.073611390520337203 -0.031484766556461131 0.99678988390761047</Rotation>
<Translation>0.62652673265031444 0.0089903285331223159 0.38072450092343912</Translation>
</Transform>
</Instance>
<Instance name="low_torque_servo_screw-2" uid="low_torque_servo_screw-2" entityUid="low_torque_servo_screw*:*Default">
<Transform>
<Rotation>0.47247475409474599 0.086833396569356486 -0.87705619431330506 0.87382396895689762 0.083568512692511643 0.4790072806991314 0.11488811087107417 -0.99271157187099945 -0.036393090743785286</Rotation>
<Translation>0.63469352728433126 0.03676125179889337 0.3143551623137098</Translation>
</Transform>
</Instance>
<Instance name="low_torque_servo_screw-5" uid="low_torque_servo_screw-5" entityUid="low_torque_servo_screw*:*Default">
<Transform>
<Rotation>0.05373068706751058 0.98593789645014829 -0.15823867293019664 -0.13250938326861597 -0.15002608949485677 -0.97976192813185603 -0.98972434375083684 0.073611390520338174 0.12258501773315522</Rotation>
<Translation>0.59739998900967051 0.032242562997092092 0.30200845175095598</Translation>
</Transform>
</Instance>
<Instance name="low_torque_servo_screw-8" uid="low_torque_servo_screw-8" entityUid="low_torque_servo_screw*:*Default">
<Transform>
<Rotation>0.040319867325888756 0.9859378964501484 -0.16217512954297034 -0.21391776670486665 -0.15002608949485666 -0.96526232784610611 -0.97601920953781696 0.073611390520338188 0.20486060089445526</Rotation>
<Translation>0.59556810829435458 0.020389231515637731 0.30238626894963355</Translation>
</Transform>
</Instance>
<Instance name="low_torque_servo_nut-5" uid="low_torque_servo_nut-5" entityUid="low_torque_servo_nut*:*Default">
<Transform>
<Rotation>0.16623191753295999 -0.017129329723367136 -0.9859378964501484 0.83531928419256651 -0.52889872936782478 0.15002608949485724 -0.52403114702213416 -0.84851206245776434 -0.073611390520338077</Rotation>
<Translation>0.60232967849192121 0.031492432549617796 0.30237650870355764</Translation>
</Transform>
</Instance>
<Instance name="low_torque_servo_nut-6" uid="low_torque_servo_nut-6" entityUid="low_torque_servo_nut*:*Default">
<Transform>
<Rotation>0.094955586281718574 -0.137513275640396 0.9859378964501484 0.86541684237228844 -0.47806470420776631 -0.15002608949485716 0.49197268783162462 0.86749307640660123 0.073611390520336745</Rotation>
<Translation>0.59756187242628223 0.033878488678410361 0.35411756842860304</Translation>
</Transform>
</Instance>
<Instance name="low_torque_servo_screw-7" uid="low_torque_servo_screw-7" entityUid="low_torque_servo_screw*:*Default">
<Transform>
<Rotation>0.058887518668685829 0.98593789645014818 -0.15639285306081591 -0.10033010849207948 -0.15002608949485785 -0.9835781828613569 -0.99321001277424348 0.073611390520337799 0.090084591971377623</Rotation>
<Translation>0.59203272459927825 0.022587755032561677 0.3542193429128293</Translation>
</Transform>
</Instance>
<Instance name="low_torque_servo_screw-13" uid="low_torque_servo_screw-13" entityUid="low_torque_servo_screw*:*Default">
<Transform>
<Rotation>0.49664339899218207 0.067988147982238623 -0.86528778216928359 0.86794970554778006 -0.042279298402383085 0.49484923922961022 -0.0029398770406304552 -0.99678988390761059 -0.080008027487487171</Rotation>
<Translation>0.63813017429437013 -0.012979908733300011 0.40451866567958533</Translation>
</Transform>
</Instance>
<Instance name="Meduim_Torque_servo_nut-2" uid="Meduim_Torque_servo_nut-2" entityUid="Meduim_Torque_servo_nut*:*Default">
<Transform>
<Rotation>0.06768111514486326 -0.0070662871996471739 0.99768198051180601 0.1038411686749988 0.99459389284682942 1.0451708942760263e-15 -0.99228840482037184 0.10360046282233325 0.068048995305148602</Rotation>
<Translation>0.56093310661018914 0.093988746745707216 0.74277675859683845</Translation>
</Transform>
</Instance>
<Instance name="low_torque_servo_screw-12" uid="low_torque_servo_screw-12" entityUid="low_torque_servo_screw*:*Default">
<Transform>
<Rotation>0.49664339899217685 0.06798814798223804 -0.8652877821692867 0.86794970554778317 -0.042279298402383259 0.49484923922960494 -0.0029398770406313911 -0.9967898839076107 -0.080008027487486741</Rotation>
<Translation>0.6261579905282284 -0.01297990873330112 0.40370207773592359</Translation>
</Transform>
</Instance>
<Instance name="low_torque_servo_nut-8" uid="low_torque_servo_nut-8" entityUid="low_torque_servo_nut*:*Default">
<Transform>
<Rotation>0.16623191753296043 -0.017129329723367202 -0.98593789645014829 0.83531928419256729 -0.52889872936782367 0.15002608949485774 -0.52403114702213327 -0.84851206245776478 -0.073611390520338063</Rotation>
<Translation>0.60049779777660539 0.019639101068163443 0.30275432590223517</Translation>
</Transform>
</Instance>
<Instance name="low_torque_servo-3" uid="low_torque_servo-3" entityUid="low_torque_servo*:*Default">
<Transform>
<Rotation>-0.99768198051180645 0.002877063778403896 0.06798814798223804 -8.5004258403823244e-14 0.99910583069392711 -0.04227929840238337 -0.068048995305145396 -0.042181294164745274 -0.9967898839076107</Rotation>
<Translation>0.63065515866594635 0.013969266727996373 0.42593982538934616</Translation>
</Transform>
</Instance>
<Instance name="Meduim_Torque_servo_screw-2" uid="Meduim_Torque_servo_screw-2" entityUid="Meduim_Torque_servo_screw*:*Default">
<Transform>
